  -5.9132918e-01  -2.4696902e+00
  -9.4358382e-01  -2.4511644e+00
  -6.9124150e-01  -2.5105818e+00
  -9.9014624e-01  -2.3351142e+00
  -9.9129451e-01  -2.6933215e+00
  -1.1240863e+00  -2.3210269e+00
  -1.6857652e+00  -2.5414034e+00
  -2.2099521e+00  -2.4392384e+00
  -2.8776992e+00  -2.8318897e+00
  -1.2189991e+00  -2.3302343e+00
  -3.1663810e+00  -2.8506457e+00
  -7.9990056e-01  -2.4348558e+00
  -3.9897644e+00  -3.2782988e+00
  -5.2779155e+00  -4.1599504e+00
  -1.3956388e+00  -2.5072350e+00
  -6.7279261e+00  -4.7154438e+00
  -9.9852989e-01  -2.5236949e+00
  -3.6396920e+00  -3.2322650e+00
  -2.8590890e+00  -2.9219896e+00
  -8.1951646e+00  -5.8032041e+00
  -3.5058824e+00  -3.4622123e+00
  -5.8289890e+00  -4.4269574e+00
  -8.9741689e+00  -6.6902552e+00
  -6.0042223e+00  -4.5875057e+00
  -2.0674073e+00  -2.5576910e+00
  -9.2312422e+00  -6.9390834e+00
  -9.3131751e+00  -6.8727945e+00
  -1.8493653e+00  -2.4773432e+00
  -2.7530165e+00  -2.8482650e+00
  -7.9363247e+00  -6.1115695e+00
  -9.2854879e+00  -7.6465995e+00
  -6.1191799e+00  -4.5135719e+00
  -9.2842601e+00  -7.5139021e+00
  -6.5094603e+00  -4.8158239e+00
  -8.5433095e+00  -7.5799083e+00
  -8.9265838e+00  -7.0074281e+00
  -8.3436998e+00  -6.4004911e+00
  -6.0214858e+00  -6.9021603e+00
  -8.2118622e+00  -7.5139916e+00
  -4.4131423e+00  -3.3643283e+00
  -3.2405766e+00  -3.0029447e+00
  -6.2544280e+00  -4.4701508e+00
  -2.6840321e+00  -2.7054817e+00
  -7.3263251e+00  -5.2952281e+00
  -8.5768993e+00  -7.7181314e+00
  -8.4697382e+00  -7.6518105e+00
  -1.5390046e+00  -3.8994828e+00
  -7.8843543e+00  -7.5729963e+00
  -8.3801214e+00  -6.4574128e+00
  -6.8864081e+00  -6.9464335e+00
