   2.8806512e+00   5.2547987e+00
   2.1208768e+00   5.3578173e+00
   1.4662394e-01   3.2653473e+00
   1.1875112e+00   4.2590072e+00
  -3.1420347e-01   2.6361083e+00
  -1.7599098e+00  -4.7975085e-01
  -2.2740782e+00  -1.4611972e+00
  -1.7472504e+00  -3.3712212e+00
  -8.8716643e-01  -3.2164830e+00
   7.9758541e-01  -2.5615213e+00
   2.5321400e+00   1.0660276e-01
   3.5052760e+00   2.4833567e+00
   3.6893853e+00   2.0731058e+00
   3.9755944e+00   4.6208431e+00
   3.3264680e+00   5.2433451e+00
