   6.7852858e+00   4.4786245e+00
   5.8611170e+00   4.6740328e+00
   4.8530280e+00   4.6901754e+00
   3.7853641e+00   3.6239774e+00
   2.6709927e+00   2.9361056e+00
   5.5806547e-01   2.6037216e+00
  -5.6000666e-01   1.4361614e+00
  -1.4660645e+00   6.9672623e-01
  -2.2269023e+00   1.5651478e-01
  -2.7704997e+00  -7.5441874e-01
  -2.8386421e+00  -8.3100701e-01
  -1.5291889e+00  -9.1143291e-01
  -5.6452139e-01  -3.2028109e-01
   8.4118220e-01   3.2502300e-01
   1.8435029e+00   5.9127475e-01
   3.4347810e+00   1.4829751e+00
   5.0251237e+00   2.8623244e+00
   5.6229691e+00   3.2091457e+00
   6.2605605e+00   3.7942767e+00
   6.1738728e+00   4.2423833e+00
